>4
2,2,2,2,1,2,2,2,2,2
>21
2,2,2,2,2,2,2,2,2,5
>15
2,2,3,2,2,2,2,2,2,2
>0
2,2,2,2,2,2,2,2,2,2
>9
2,2,2,2,2,2,2,2,2,6
>25
1,2,2,2,2,2,2,2,2,3
>20
2,2,2,3,1,2,3,2,2,1
>35
2,2,2,2,2,2,1,2,2,0
>48
6,2,2,2,2,2,2,2,2,2
>63
0,2,2,2,5,2,2,2,2,4
>55
2,2,1,2,2,2,1,2,2,0
>17
5,2,2,2,2,2,2,2,2,3
>69
7,2,2,2,2,1,2,2,2,2
>38
1,2,2,2,2,2,2,2,2,8
>138
7,2,2,4,2,1,2,2,2,2
>42
1,2,2,2,2,2,2,2,2,4
>122
4,2,2,2,1,2,2,2,2,4
>94
0,2,2,4,2,1,1,2,2,2
>136
2,2,2,3,2,2,2,2,2,5
>65
0,2,2,4,2,2,1,2,2,2
>124
2,2,2,1,1,2,2,2,1,2
>113
2,2,2,3,2,2,5,2,2,1
>83
1,2,2,2,2,2,2,2,2,11
>93
0,2,2,2,2,2,1,1,2,2
>87
4,2,2,2,1,2,2,2,2,3
>90
1,2,2,2,4,2,2,2,2,4
>111
1,2,1,2,2,2,0,2,2,0
>88
2,2,2,5,1,2,2,2,2,2
>119
2,2,2,2,2,2,2,2,1,7
