20
8          0 5 4 4 5 5 2 4 5 6 7 5 4 4 7 3 4 6 5 8
6          5 0 2 4 6 4 3 4 0 2 6 5 2 6 3 4 6 4 8 5
30         4 2 0 3 6 5 4 6 2 1 6 3 3 7 2 7 5 5 5 6
25         4 4 3 0 5 5 3 4 6 4 5 5 4 4 4 4 4 1 6 7
21         5 6 6 5 0 4 5 2 3 6 6 5 3 0 8 7 5 6 4 7
22         5 4 5 5 4 0 7 5 5 6 2 0 6 4 6 6 2 5 4 3
16         2 3 4 3 5 7 0 3 2 4 4 4 2 2 3 3 3 1 4 4
20         4 4 6 4 2 5 3 0 3 5 1 5 2 5 6 0 4 3 0 1
50         5 0 2 6 3 5 2 3 0 4 4 5 6 6 3 3 2 4 4 5
48         6 2 1 4 6 6 4 5 4 0 5 7 4 8 4 5 6 6 5 7
56         7 6 6 5 6 2 4 1 4 5 0 4 4 8 7 1 4 5 5 2
38         5 5 3 5 5 0 4 5 5 7 4 0 3 5 7 6 4 6 5 2
65         4 2 3 4 3 6 2 2 6 4 4 3 0 2 3 4 5 3 6 3
21         4 6 7 4 0 4 2 5 6 8 8 5 2 0 8 5 3 7 5 6
71         7 3 2 4 8 6 3 6 3 4 7 7 3 8 0 5 7 6 8 8
32         3 4 7 4 7 6 3 0 3 5 1 6 4 5 5 0 4 5 3 3
57         4 6 5 4 5 2 3 4 2 6 4 4 5 3 7 4 0 5 1 1
43         6 4 5 1 6 5 1 3 4 6 5 6 3 7 6 5 5 0 8 8
54         5 8 5 6 4 4 4 0 4 5 5 5 6 5 8 3 1 8 0 0
34         8 5 6 7 7 3 4 1 5 7 2 2 3 6 8 3 1 8 0 0
